25,3
25,2
0,9
25,1
25,0
24,52
24,51
24,50
24,49
24,48
24,47
24,46
24,45
24,44
24,43
24,42
24,41
24,40
24,39
24,38
24,37
24,36
17,2
17,1
17,3
15,2
15,1
15,3
16,2
16,1
16,3
13,2
14,2
4,25
4,40
4,17
4,41
4,4
4,82
4,88
4,70
4,77
4,80
4,86
4,1
4,7
4,2
4,3
6,6
6,8
6,1
6,5
6,2
6,3
7,8
7,10
7,7
7,4
7,9
7,1
7,5
7,2
7,3
5,4
5,2
5,1
5,3
24,35
3,1
3,3
10,170
10,20
10,218
10,6
10,192
10,146
10,136
11,11
11,20
11,19
9,7
9,4
9,6
8,15
8,16
8,12
8,14
8,18
20,2
20,1
20,3
19,2
19,1
19,3
12,3
12,2
12,1
11,30
11,29
